[aircraft]
icaotype = A306
parkingbrakestest = (L:INI_PARKING_BRAKE_STATUS, number) (L:INI_CHOCKS_ENABLED, number) ||
nosegear = 14.50
ceiling = 2.30
refueling = 0
battery = 1
pushbackraise = 1
pushbackdummyevent = 0
pushbackcheckengines = 0
ignoreicing = 0
iscargo = 0
trafficcones = 1
preferredexit = 0
wingrootpos = 3.99 -1.10 -0.01
wingtippos = 21.35 -9.02 1.00
fuelpos = 11.82 -2.73 0.04
waterpos = -0.67 -7.40 -2.49
lavatorypos = 0.57 -23.15 -0.71
gpupos = 2.32 15.03 -4.46
bypasspinpos = 0.00 14.80 -3.40
engine1pos = -8.17 3.63 -2.28
engine2pos = 8.17 3.63 -2.28
engine3pos = 0.00 0.00 0.00
engine4pos = 0.00 0.00 0.00
engine5pos = 0.00 0.00 0.00
engine6pos = 0.00 0.00 0.00

[exit1]
pos = -2.45 15.63 -0.12 14.00
code = 1
name = L1
ceiling = 2.3
width = 1.0
embeddedStair = 0

[exit2]
pos = -2.84 8.19 -0.02 0.00
code = 3
name = L2
ceiling = 2.3
width = 1.0
embeddedStair = 0

[exit3]
remove = 1

[exit4]
pos = -2.45 -20.26 0.55 -5.50
code = 12
name = L4
ceiling = 2.3
width = 1.0
embeddedStair = 0

[service1]
pos = 2.48 15.50 -0.12 -13.00
code = 2
name = R1
ceiling = 2.3
width = 1.0
embeddedStair = 0

[service2]
pos = 2.46 -20.20 0.58 6.00
code = 13
name = R4
ceiling = 2.3
width = 1.0
embeddedStair = 0

[cargo1]
pos = 1.73 11.60 -1.89 0.00
code = 6
name = Cargo FWD
ceiling = 1.6299999999999997
width = 3.18
embeddedStair = 0
uldcode = AUTO

[cargo2]
pos = 1.59 -13.75 -1.67 4.00
code = 5
name = Cargo AFT
ceiling = 1.6299999999999997
width = 3.18
embeddedStair = 0
uldcode = AUTO

[cargomain]
pos = 1.21 -17.12 -1.90 10.00
code = 11
name = Cargo BULK
ceiling = 1.8
width = 1.8
embeddedStair = 0
uldcode = BELT
