[aircraft]
icaotype = A306
parkingbrakestest = (L:INI_PARKING_BRAKE_STATUS, number) (L:INI_CHOCKS_ENABLED, number) ||
nosegear = 14.44
ceiling = 2.30
refueling = 0
battery = 1
pushbackraise = 1
pushbackdummyevent = 0
pushbackcheckengines = 0
ignoreicing = 0
iscargo = 1
trafficcones = 1
preferredexit = 0
wingrootpos = 3.99 -0.47 0.00
wingtippos = 21.23 -8.77 0.75
fuelpos = 11.82 -2.73 0.04
waterpos = -0.67 -7.40 -2.49
lavatorypos = 0.57 -23.15 -0.71
gpupos = 2.32 15.03 -4.46
bypasspinpos = 0.00 14.80 -3.40
engine1pos = -7.92 3.75 -2.28
engine2pos = 7.92 3.76 -2.28
engine3pos = 0.00 0.00 0.00
engine4pos = 0.00 0.00 0.00
engine5pos = 0.00 0.00 0.00
engine6pos = 0.00 0.00 0.00

[exit1]
pos = -2.30 15.51 0.02 13.00
code = 1
name = L1
ceiling = 2.3
width = 1.0
embeddedStair = 0

[exit2]
remove = 1

[exit3]
remove = 1

[exit4]
remove = 1

[service1]
pos = 2.52 15.53 0.07 -12.00
code = 2
name = R1
ceiling = 2.3
width = 1.0
embeddedStair = 0

[service2]
remove = 1

[cargo1]
pos = 1.67 11.69 -1.77 0.00
code = 4
name = Cargo FWD
ceiling = 1.6299999999999997
width = 3.18
embeddedStair = 0
uldcode = AUTO

[cargo2]
pos = 1.56 -13.73 -1.84 4.00
code = 3
name = Cargo AFT
ceiling = 1.6299999999999997
width = 3.18
embeddedStair = 0
uldcode = AUTO

[cargomain]
pos = -2.60 11.26 0.26 0.00
code = (L:INI_MAIN_CARGO_DOOR, number) 0.5 >
name = Cargo Main
ceiling = 2.46
width = 3.18
embeddedStair = 0
uldcode = ALD,ALP,AMP,AMJ,RAP
